{
  "timestamp_utc": "2026-05-04T03:46:06+00:00",
  "N_grid": 80,
  "lepton_depths": [
    1,
    3,
    5
  ],
  "constants": {
    "beta_lepton": 157.07963267948966,
    "beta_lepton_in_pi_units": 50.0,
    "closure_quantum_count_4beta_over_2pi": 100.0,
    "action_base": 6.283185307179586,
    "action_base_in_pi_units": 2.0
  },
  "observed_mass_ratios_to_e": [
    1.0,
    206.76828260879265,
    3477.2283065575584
  ],
  "matrix_elements": {
    "omegas": [
      1.0547269375351367,
      1.219082740577607,
      1.3959734850917922
    ],
    "omega_squared": [
      1.112448912762248,
      1.4861627283742092,
      1.9487419710793241
    ],
    "V_diag_expectation": [
      0.2046782957285142,
      0.48593306168750816,
      0.7522908877045782
    ],
    "overlap_matrix": [
      [
        0.9999999999999998,
        0.9919142557625993,
        0.9635138720393265
      ],
      [
        0.9919142557625993,
        0.9999999999999998,
        0.989592315714932
      ],
      [
        0.9635138720393265,
        0.989592315714932,
        1.0
      ]
    ],
    "D1_transport_matrix": [
      [
        0.0,
        0.3706920612809396,
        0.8057799627786961
      ],
      [
        -0.3706920612809396,
        0.0,
        0.45776486399021427
      ],
      [
        -0.8057799627786961,
        -0.45776486399021427,
        0.0
      ]
    ]
  },
  "variants": [
    {
      "name": "HC_1_omega_sq_plus_closure",
      "description": "Minimal composition: H_ii = \u03c9_i\u00b2 + \u03b2\u00b7max(0, k_i\u22123)\u00b2. No off-diagonal. Tests whether the closure quantum alone, acting on the radial-eigenfrequency diagonal, recovers the ladder.",
      "diag_formula": "\u03c9_i\u00b2 + \u03b2\u00b7max(0,k_i\u22123)\u00b2",
      "off_formula": "0",
      "eigenvalues": [
        1.112448912762248,
        1.4861627283742092,
        630.267272689038
      ],
      "eigenvectors": [
        [
          1.0,
          0.0,
          0.0
        ],
        [
          0.0,
          1.0,
          0.0
        ],
        [
          0.0,
          0.0,
          1.0
        ]
      ],
      "mass_ratios_predicted_to_e": [
        1.0,
        1.3359379575319257,
        566.558396937135
      ],
      "mass_ratios_observed_to_e": [
        1.0,
        206.76828260879265,
        3477.2283065575584
      ],
      "log10_mass_ratio_error_mu": -2.189697631089306,
      "log10_mass_ratio_error_tau": -0.787988525773947,
      "closure_spread_b1_rad": 0.3813854965772272,
      "closure_residues_b1_in_pi": [
        0.8818757480866662,
        0.7707441697969166,
        0.7604769740790205
      ],
      "closure_spread_d1_rad": 0.0,
      "closure_residues_d1_in_pi": [
        0.0,
        0.0,
        0.0
      ],
      "matches_observed_within_factor_of_2": false,
      "matches_observed_within_factor_of_5": false,
      "closes_b1_within_1e_9": false,
      "closes_d1_within_1e_9": true,
      "has_negative_eigenvalues": false,
      "eigenvector_max_off_diagonal": 0.0,
      "is_near_identity_d1_regime": true
    },
    {
      "name": "HC_2_omega_sq_plus_closure_with_d1",
      "description": "HC_1 with D1 transport off-diagonal: H_ij = (\u03c9_j\u00b2\u2212\u03c9_i\u00b2)\u00b7\u27e8u_i|u_j\u27e9 for i \u2260 j (mirrored to symmetric).",
      "diag_formula": "\u03c9_i\u00b2 + \u03b2\u00b7max(0,k_i\u22123)\u00b2",
      "off_formula": "D1 = (\u03c9_j\u00b2\u2212\u03c9_i\u00b2)\u00b7\u27e8u_i|u_j\u27e9",
      "eigenvalues": [
        0.883865023517494,
        1.7133806773511975,
        630.2686386293047
      ],
      "eigenvectors": [
        [
          0.8518689136880406,
          -0.5237545706173317,
          -0.0007096826137151103
        ],
        [
          0.5237534844973104,
          0.8518688975706983,
          -0.0012918314938417147
        ],
        [
          -0.0012811591951375203,
          -0.0007287723495065235,
          -0.9999989137603997
        ]
      ],
      "mass_ratios_predicted_to_e": [
        1.0,
        1.9385094236815734,
        713.0824524779151
      ],
      "mass_ratios_observed_to_e": [
        1.0,
        206.76828260879265,
        3477.2283065575584
      ],
      "log10_mass_ratio_error_mu": -2.028016003985351,
      "log10_mass_ratio_error_tau": -0.6880934568969415,
      "closure_spread_b1_rad": 0.2856116800515487,
      "closure_residues_b1_in_pi": [
        0.8513902001621616,
        0.8012295130082495,
        0.7604771787921921
      ],
      "closure_spread_d1_rad": 0.6601024470245669,
      "closure_residues_d1_in_pi": [
        1.8945065310936493,
        0.10462366587568091,
        0.0008698030306698456
      ],
      "matches_observed_within_factor_of_2": false,
      "matches_observed_within_factor_of_5": false,
      "closes_b1_within_1e_9": false,
      "closes_d1_within_1e_9": false,
      "has_negative_eigenvalues": false,
      "eigenvector_max_off_diagonal": 0.5237545706173317,
      "is_near_identity_d1_regime": false
    },
    {
      "name": "HC_3_action_base_plus_omega_plus_closure_with_d1",
      "description": "HC_2 with the S\u00b3 great-circle action shifted into the diagonal: H_ii = 2\u03c0 + \u03c9_i\u00b2 + \u03b2\u00b7max(0,k_i\u22123)\u00b2.",
      "diag_formula": "2\u03c0 + \u03c9_i\u00b2 + \u03b2\u00b7max(0,k_i\u22123)\u00b2",
      "off_formula": "D1",
      "eigenvalues": [
        7.167050330697078,
        7.996565984530776,
        636.5518239364856
      ],
      "eigenvectors": [
        [
          0.8518689136880379,
          -0.5237545706173363,
          -0.0007096826137150172
        ],
        [
          -0.5237534844973151,
          -0.8518688975706956,
          0.001291831493841611
        ],
        [
          -0.0012811591951375205,
          -0.0007287723495067455,
          -0.9999989137603998
        ]
      ],
      "mass_ratios_predicted_to_e": [
        1.0,
        1.1157401742081834,
        88.81642999074259
      ],
      "mass_ratios_observed_to_e": [
        1.0,
        206.76828260879265,
        3477.2283065575584
      ],
      "log10_mass_ratio_error_mu": -2.267920849665813,
      "log10_mass_ratio_error_tau": -1.5927398938031712,
      "closure_spread_b1_rad": 0.2856116800515469,
      "closure_residues_b1_in_pi": [
        0.8513902001621613,
        0.8012295130082505,
        0.7604771787921922
      ],
      "closure_spread_d1_rad": 0.6601024470245704,
      "closure_residues_d1_in_pi": [
        1.8945065310936489,
        0.10462366587568152,
        0.0008698030306699106
      ],
      "matches_observed_within_factor_of_2": false,
      "matches_observed_within_factor_of_5": false,
      "closes_b1_within_1e_9": false,
      "closes_d1_within_1e_9": false,
      "has_negative_eigenvalues": false,
      "eigenvector_max_off_diagonal": 0.5237545706173363,
      "is_near_identity_d1_regime": false
    },
    {
      "name": "HC_4_action_base_times_omega_plus_closure_with_d1",
      "description": "Multiplicative action_base: H_ii = (2\u03c0)\u00b7\u03c9_i\u00b2 + \u03b2\u00b7max(0,k_i\u22123)\u00b2. Mirrors the locked surrogate's per-row weighting of the radial eigenfrequency.",
      "diag_formula": "2\u03c0\u00b7\u03c9_i\u00b2 + \u03b2\u00b7max(0,k_i\u22123)\u00b2",
      "off_formula": "D1",
      "eigenvalues": [
        6.931758729165221,
        9.394442307623875,
        640.564195083993
      ],
      "eigenvectors": [
        [
          0.9883713499608296,
          -0.15205511783834538,
          -0.0011470465440207563
        ],
        [
          -0.15205412202404844,
          -0.9883717489599769,
          0.0009109518605068602
        ],
        [
          -0.0012722232913467105,
          -0.0007259455649468727,
          -0.9999989272248915
        ]
      ],
      "mass_ratios_predicted_to_e": [
        1.0,
        1.3552754322069762,
        92.41005351049415
      ],
      "mass_ratios_observed_to_e": [
        1.0,
        206.76828260879265,
        3477.2283065575584
      ],
      "log10_mass_ratio_error_mu": -2.1834563548571806,
      "log10_mass_ratio_error_tau": -1.5755139846396666,
      "closure_spread_b1_rad": 0.37331220648380814,
      "closure_residues_b1_in_pi": [
        0.8793061419369232,
        0.7733135740456377,
        0.7604771759800425
      ],
      "closure_spread_d1_rad": 0.223459818725237,
      "closure_residues_d1_in_pi": [
        1.964003068779626,
        0.03513253824470655,
        0.0008643929756677402
      ],
      "matches_observed_within_factor_of_2": false,
      "matches_observed_within_factor_of_5": false,
      "closes_b1_within_1e_9": false,
      "closes_d1_within_1e_9": false,
      "has_negative_eigenvalues": false,
      "eigenvector_max_off_diagonal": 0.15205511783834538,
      "is_near_identity_d1_regime": false
    },
    {
      "name": "HC_5_v_diag_plus_closure_with_d1",
      "description": "Potential expectation: H_ii = \u27e8u_i|V_i|u_i\u27e9 + \u03b2\u00b7max(0,k_i\u22123)\u00b2. Replaces \u03c9\u00b2 by the bound-state mean potential.",
      "diag_formula": "\u27e8u_i|V_i|u_i\u27e9 + \u03b2\u00b7max(0,k_i\u22123)\u00b2",
      "off_formula": "D1",
      "eigenvalues": [
        -0.05142327811379594,
        0.7406681169657983,
        629.0721881242262
      ],
      "eigenvectors": [
        [
          0.8233953849566847,
          -0.5674677332246896,
          -0.0006417015392591874
        ],
        [
          -0.5674666484962184,
          -0.8233953122938913,
          0.0013276057076271523
        ],
        [
          -0.0012817474408411173,
          -0.000729000190884177,
          -0.9999989128405189
        ]
      ],
      "mass_ratios_predicted_to_e": [
        0.0,
        0.0,
        0.0
      ],
      "mass_ratios_observed_to_e": [
        1.0,
        206.76828260879265,
        3477.2283065575584
      ],
      "log10_mass_ratio_error_mu": Infinity,
      "log10_mass_ratio_error_tau": Infinity,
      "closure_spread_b1_rad": 0.26895793472492446,
      "closure_residues_b1_in_pi": [
        0.8460891485691434,
        0.806530564414835,
        0.7604771789786253
      ],
      "closure_spread_d1_rad": 0.6911264441944063,
      "closure_residues_d1_in_pi": [
        1.88956872442834,
        0.10956110421846932,
        0.0008701713531907742
      ],
      "matches_observed_within_factor_of_2": false,
      "matches_observed_within_factor_of_5": false,
      "closes_b1_within_1e_9": false,
      "closes_d1_within_1e_9": false,
      "has_negative_eigenvalues": true,
      "eigenvector_max_off_diagonal": 0.5674677332246896,
      "is_near_identity_d1_regime": false
    },
    {
      "name": "HC_6_action_base_plus_v_diag_plus_closure_with_d1",
      "description": "HC_5 with the S\u00b3 great-circle action: H_ii = 2\u03c0 + \u27e8u_i|V_i|u_i\u27e9 + \u03b2\u00b7max(0,k_i\u22123)\u00b2.",
      "diag_formula": "2\u03c0 + \u27e8u_i|V_i|u_i\u27e9 + \u03b2\u00b7max(0,k_i\u22123)\u00b2",
      "off_formula": "D1",
      "eigenvalues": [
        6.2317620290658144,
        7.023853424145435,
        635.3553734314066
      ],
      "eigenvectors": [
        [
          0.8233953849567102,
          -0.5674677332246526,
          -0.0006417015392591416
        ],
        [
          -0.5674666484961818,
          -0.8233953122939165,
          0.0013276057076272293
        ],
        [
          0.0012817474408411168,
          0.000729000190884399,
          0.9999989128405189
        ]
      ],
      "mass_ratios_predicted_to_e": [
        1.0,
        1.1271055267170336,
        101.95437028372069
      ],
      "mass_ratios_observed_to_e": [
        1.0,
        206.76828260879265,
        3477.2283065575584
      ],
      "log10_mass_ratio_error_mu": -2.2635193412368033,
      "log10_mass_ratio_error_tau": -1.5328273597771238,
      "closure_spread_b1_rad": 0.2689579347249387,
      "closure_residues_b1_in_pi": [
        0.846089148569148,
        0.8065305644148303,
        0.7604771789786253
      ],
      "closure_spread_d1_rad": 0.6911264441943823,
      "closure_residues_d1_in_pi": [
        1.889568724428344,
        0.10956110421846553,
        0.0008701713531908388
      ],
      "matches_observed_within_factor_of_2": false,
      "matches_observed_within_factor_of_5": false,
      "closes_b1_within_1e_9": false,
      "closes_d1_within_1e_9": false,
      "has_negative_eigenvalues": false,
      "eigenvector_max_off_diagonal": 0.5674677332246526,
      "is_near_identity_d1_regime": false
    },
    {
      "name": "HC_7_v_cross_plus_closure_with_d1",
      "description": "Full cross-shell potential expectation: H_ii = \u03a3_l \u27e8u_i|V_l|u_i\u27e9 + \u03b2\u00b7max(0,k_i\u22123)\u00b2. Tests whether the muon lift comes from sampling all three l-potentials in the bound state.",
      "diag_formula": "\u03a3_l \u27e8u_i|V_l|u_i\u27e9 + \u03b2\u00b7max(0,k_i\u22123)\u00b2",
      "off_formula": "D1",
      "eigenvalues": [
        1.4807180773474111,
        2.377490275604975,
        629.5432122025626
      ],
      "eigenvectors": [
        [
          0.4666216085818699,
          -0.8844570494321338,
          4.5981222855384705e-05
        ],
        [
          0.8844561174085829,
          0.46662104008223015,
          -0.0014769330089589852
        ],
        [
          -0.00128482800527967,
          -0.0007298372302486644,
          -0.9999989082767111
        ]
      ],
      "mass_ratios_predicted_to_e": [
        1.0,
        1.6056333153330986,
        425.1607526331679
      ],
      "mass_ratios_observed_to_e": [
        1.0,
        206.76828260879265,
        3477.2283065575584
      ],
      "log10_mass_ratio_error_mu": -2.109837549808803,
      "log10_mass_ratio_error_tau": -0.9126800391808372,
      "closure_spread_b1_rad": 0.3053660965898226,
      "closure_residues_b1_in_pi": [
        0.7949414846107047,
        0.857678227400897,
        0.7604771799510022
      ],
      "closure_spread_d1_rad": 0.6092143491186288,
      "closure_residues_d1_in_pi": [
        1.9026045267768752,
        0.09652347690635822,
        0.0008719963167664096
      ],
      "matches_observed_within_factor_of_2": false,
      "matches_observed_within_factor_of_5": false,
      "closes_b1_within_1e_9": false,
      "closes_d1_within_1e_9": false,
      "has_negative_eigenvalues": false,
      "eigenvector_max_off_diagonal": 0.8844570494321338,
      "is_near_identity_d1_regime": false
    },
    {
      "name": "HC_8_action_squared_plus_closure_with_d1",
      "description": "Quadratic action: H_ii = (2\u03c0)\u00b2\u00b7\u03c9_i\u00b2 + \u03b2\u00b7max(0,k_i\u22123)\u00b2. Tests whether the larger prefactor on \u03c9_i\u00b2 lifts the muon eigenvalue without introducing new parameters.",
      "diag_formula": "(2\u03c0)\u00b2\u00b7\u03c9_i\u00b2 + \u03b2\u00b7max(0,k_i\u22123)\u00b2",
      "off_formula": "D1",
      "eigenvalues": [
        43.907461425646794,
        58.680307634619034,
        705.2530865554306
      ],
      "eigenvectors": [
        [
          0.9996851555076708,
          -0.02506288610222817,
          -0.0012006655782465063
        ],
        [
          -0.02506201031175967,
          -0.999685625344381,
          0.0007389986110369933
        ],
        [
          -0.0012188095574369566,
          -0.0007086748482915128,
          -0.9999990061411173
        ]
      ],
      "mass_ratios_predicted_to_e": [
        1.0,
        1.3364541180315943,
        16.062260573859668
      ],
      "mass_ratios_observed_to_e": [
        1.0,
        206.76828260879265,
        3477.2283065575584
      ],
      "log10_mass_ratio_error_mu": -2.1895298670387984,
      "log10_mass_ratio_error_tau": -2.3354265392905904,
      "closure_spread_b1_rad": 0.3811650585304127,
      "closure_residues_b1_in_pi": [
        0.8818057659709484,
        0.7708139664187601,
        0.7604771595728949
      ],
      "closure_spread_d1_rad": 0.038350686093929554,
      "closure_residues_d1_in_pi": [
        1.9934803257602787,
        0.005687728285907719,
        0.0008319459538135357
      ],
      "matches_observed_within_factor_of_2": false,
      "matches_observed_within_factor_of_5": false,
      "closes_b1_within_1e_9": false,
      "closes_d1_within_1e_9": false,
      "has_negative_eigenvalues": false,
      "eigenvector_max_off_diagonal": 0.02506288610222817,
      "is_near_identity_d1_regime": true
    }
  ]
}